16
[3.2259598, 2.9627256, 2.6337128, 5.200845, 5.4599233, 9.939056, 5.761089, 3.1706138, 2.502199, 4.04008, 6.012505, 3.247042, 4.2224364, 2.925108, -1.7170674, -1.7174246, 0.0, 0.0, 0.0, 0.0, 0.0, 0.0, 0.0, 0.0, 0.0, 0.0, 0.0, 0.0, 0.0, 0.0, 0.0, 0.0, 0.0, 0.0, 0.0, 0.0, 0.0, 0.0, 0.0, 0.0, 0.0, 0.0, 0.0, 0.0, 0.0, 0.0, 0.0, 0.0, 0.0, 0.0, 0.0, 0.0, 0.0, 0.0, 0.0, 0.0, 0.0, 0.0, 0.0, 0.0, 0.0, 0.0, 0.0, 0.0, 0.0, 0.0, 0.0, 0.0, 0.0, 0.0, 0.0, 0.0, 0.0, 0.0, 0.0, 0.0, 0.0, 0.0, 0.0, 0.0, 0.0, 0.0, 0.0, 0.0, 0.0, 0.0, 0.0, 0.0, 0.0, 0.0, 0.0, 0.0, 0.0, 0.0, 0.0, 0.0, 0.0, 0.0, 0.0, 0.0]
C     3.874574309611301     -0.42719329608777284     -0.3320872508956503     3.2259597778320312     
C     3.6460071722718834     0.9491600191085844     -0.22513861746818822     2.9627256393432617     
C     2.343800011065466     1.440245529575517     -0.09105915700781449     2.6337127685546875     
C     1.2639904535256121     0.551829726929631     -0.0636473372302467     5.200844764709473     
C     -0.05570058157777385     1.0011063759803511     0.06910672736936263     5.459923267364502     
C     -1.0731344920411356     0.10237254470922635     0.0909470146132176     9.939056396484375     
C     -2.2875608535492096     0.692970147320764     0.22456779829347928     5.761088848114014     
C     -3.446240774814781     -0.0873057660531561     0.26516473951971153     3.1706137657165527     
C     -3.312026131475484     -1.490282070757996     0.16389969233915808     2.5021989345550537     
C     -2.0367038326663884     -2.0872600134358175     0.02508281796094323     4.0400800704956055     
C     -0.8948100687692404     -1.2731064286490845     -0.012004247409152125     6.012505054473877     
C     0.4132228170084983     -1.761782517221435     -0.14638616858286696     3.247041940689087     
C     1.4956242211809545     -0.8526974928667658     -0.17266148841002207     4.222436428070068     
C     2.8032272468201387     -1.3260579947106972     -0.3060175939807475     2.925107955932617     
C     -2.134577445869495     2.176903353077012     0.30849982410834553     -1.7170673608779907     
C     -0.599692050720312     2.391097883081625     0.20173324678049345     -1.7174246311187744     
