12
[-4.59764, -7.0231423, -4.59764, 0.7363211, -3.9387567, -0.47127956, -5.178022, -0.47127888, -3.9387567, -3.9387565, 0.7363208, -3.938756, 0.0, 0.0, 0.0, 0.0, 0.0, 0.0, 0.0, 0.0, 0.0, 0.0, 0.0, 0.0, 0.0, 0.0, 0.0, 0.0, 0.0, 0.0, 0.0, 0.0, 0.0, 0.0, 0.0, 0.0, 0.0, 0.0, 0.0, 0.0, 0.0, 0.0, 0.0, 0.0, 0.0, 0.0, 0.0, 0.0, 0.0, 0.0, 0.0, 0.0, 0.0, 0.0, 0.0, 0.0, 0.0, 0.0, 0.0, 0.0, 0.0, 0.0, 0.0, 0.0, 0.0, 0.0, 0.0, 0.0, 0.0, 0.0, 0.0, 0.0, 0.0, 0.0, 0.0, 0.0, 0.0, 0.0, 0.0, 0.0, 0.0, 0.0, 0.0, 0.0, 0.0, 0.0, 0.0, 0.0, 0.0, 0.0, 0.0, 0.0, 0.0, 0.0, 0.0, 0.0, 0.0, 0.0, 0.0, 0.0]
C     -2.3914672302019127     -0.11413943617776216     0.9336773345387007     -4.597640037536621     
C     -1.2886046036713434     -0.39165834963431695     -0.08102767212405271     -7.023142337799072     
C     -1.927381880236976     -1.1985308987504213     -1.2052470952254826     -4.597640037536621     
C     -0.7120716483090166     0.9379189320588167     -0.6300051782133709     0.7363210916519165     
C     0.3905273343721028     0.6448138673428148     -1.6685625282869403     -3.9387567043304443     
C     1.5248924079981765     -0.1670357617280291     -1.0196402951481205     -0.4712795615196228     
C     2.1293549569196326     0.6471958745091076     0.13389428850950655     -5.1780219078063965     
C     1.0473331551905545     0.9488377041703803     1.181382300633641     -0.4712788760662079     
C     -0.08410563339758233     1.7538500540090496     0.5189733849295279     -3.9387567043304443     
C     0.48802374254666975     -0.3777872024572738     1.7238059082375525     -3.9387564659118652     
C     -0.13915751655012967     -1.1966415135947377     0.5764795913026741     0.7363207936286926     
C     0.9626569153398329     -1.4868232697476558     -0.46373003915360067     -3.938755989074707     
