16
[-5.693444, -7.639438, -6.4865355, -5.4044967, -4.8649497, -4.8649497, -4.8649497, -4.8649497, -5.0003934, -4.5915737, -4.081409, 0.922888, 8.710684, 7.7778397, -2.2885013, -3.6243804, 0.0, 0.0, 0.0, 0.0, 0.0, 0.0, 0.0, 0.0, 0.0, 0.0, 0.0, 0.0, 0.0, 0.0, 0.0, 0.0, 0.0, 0.0, 0.0, 0.0, 0.0, 0.0, 0.0, 0.0, 0.0, 0.0, 0.0, 0.0, 0.0, 0.0, 0.0, 0.0, 0.0, 0.0, 0.0, 0.0, 0.0, 0.0, 0.0, 0.0, 0.0, 0.0, 0.0, 0.0, 0.0, 0.0, 0.0, 0.0, 0.0, 0.0, 0.0, 0.0, 0.0, 0.0, 0.0, 0.0, 0.0, 0.0, 0.0, 0.0, 0.0, 0.0, 0.0, 0.0, 0.0, 0.0, 0.0, 0.0, 0.0, 0.0, 0.0, 0.0, 0.0, 0.0, 0.0, 0.0, 0.0, 0.0, 0.0, 0.0, 0.0, 0.0, 0.0, 0.0]
C     2.8348482446204093     -0.294404579126868     -2.4827767158526     -5.693443775177002     
C     3.983293896385431     -1.198789708199547     -2.0778512198027586     -7.639438152313232     
C     4.427325066148275     -0.8979688723119337     -0.6545876098784186     -6.486535549163818     
C     3.5729795798688433     -1.6451437172141172     0.36279119013111955     -5.404496669769287     
C     2.2454981413019395     -0.9437521616821029     0.6026927976878133     -4.864949703216553     
C     2.4497506857576945     0.30816258359296994     1.4402982761996352     -4.864949703216553     
C     1.1345750393357024     1.0455050844652405     1.6112837557747643     -4.864949703216553     
C     0.24269230880767817     0.3190862691508627     2.6046364581184784     -4.864949703216553     
C     -1.1396493627265993     0.9512715355712893     2.6463021243470903     -5.000393390655518     
C     -2.0056006335643577     0.44057015475064265     1.5056447355490097     -4.591573715209961     
C     -1.7357765754426955     1.2330607910879279     0.23015579523274704     -4.081408977508545     
C     -2.465760275036302     0.6680492263591375     -0.9880940275738946     0.9228879809379578     
C     -2.0607888918935267     -0.7327433058256     -1.2869612799362775     8.710683822631836     
C     -3.115932038031549     -1.515433526631696     -1.4481190923050364     7.777839660644531     
C     -4.393223888497647     -0.7697731291817739     -1.2815859621929366     -2.288501262664795     
C     -3.974231297033219     0.6064983607299629     -0.7838292254987757     -3.624380350112915     
