12
[-5.534861, -6.749568, 2.8967662, 3.5579877, 3.0415056, 4.534411, 3.1851945, 3.686627, 3.6635447, 14.959269, 4.238668, 3.6039038, 0.0, 0.0, 0.0, 0.0, 0.0, 0.0, 0.0, 0.0, 0.0, 0.0, 0.0, 0.0, 0.0, 0.0, 0.0, 0.0, 0.0, 0.0, 0.0, 0.0, 0.0, 0.0, 0.0, 0.0, 0.0, 0.0, 0.0, 0.0, 0.0, 0.0, 0.0, 0.0, 0.0, 0.0, 0.0, 0.0, 0.0, 0.0, 0.0, 0.0, 0.0, 0.0, 0.0, 0.0, 0.0, 0.0, 0.0, 0.0, 0.0, 0.0, 0.0, 0.0, 0.0, 0.0, 0.0, 0.0, 0.0, 0.0, 0.0, 0.0, 0.0, 0.0, 0.0, 0.0, 0.0, 0.0, 0.0, 0.0, 0.0, 0.0, 0.0, 0.0, 0.0, 0.0, 0.0, 0.0, 0.0, 0.0, 0.0, 0.0, 0.0, 0.0, 0.0, 0.0, 0.0, 0.0, 0.0, 0.0]
C     3.8537947028467125     -0.977149902597504     -0.39826102109216566     -5.534861087799072     
C     3.190463582303203     -0.17076895836012868     0.7020406094391464     -6.749567985534668     
C     1.780463179720399     0.1366813419641545     0.33485155039604453     2.896766185760498     
C     1.4819810235555069     1.3037150903829884     -0.37999604712411533     3.557987689971924     
C     0.16170421486018774     1.5903621493417017     -0.7415304121621311     3.0415055751800537     
C     -0.8623317691616975     0.7070753502844973     -0.39091739345788457     4.5344109535217285     
C     -2.1856563090109105     0.9744911559272292     -0.7420665628781516     3.185194492340088     
C     -3.192075088917066     0.07564038239397726     -0.38205364883702675     3.68662691116333     
C     -2.858101441518757     -1.0824080483441303     0.32663229776336306     3.6635446548461914     
N     -1.5630936480358786     -1.3315894726660777     0.6630316471701098     14.959268569946289     
C     -0.5642894776939777     -0.47281432019718755     0.3251986644997275     4.238667964935303     
C     0.7571410310522745     -0.7532347681295289     0.6830703162830812     3.6039037704467773     
