18
[-3.3382218, 4.2628894, -10.765995, -22.567879, 4.262889, -3.3382218, 6.3807316, 3.5778108, 3.3112211, 3.2444415, 3.3112211, 3.5778108, 6.3807316, 3.5778108, 3.3112206, 3.2444415, 3.3112211, 3.5778108, 0.0, 0.0, 0.0, 0.0, 0.0, 0.0, 0.0, 0.0, 0.0, 0.0, 0.0, 0.0, 0.0, 0.0, 0.0, 0.0, 0.0, 0.0, 0.0, 0.0, 0.0, 0.0, 0.0, 0.0, 0.0, 0.0, 0.0, 0.0, 0.0, 0.0, 0.0, 0.0, 0.0, 0.0, 0.0, 0.0, 0.0, 0.0, 0.0, 0.0, 0.0, 0.0, 0.0, 0.0, 0.0, 0.0, 0.0, 0.0, 0.0, 0.0, 0.0, 0.0, 0.0, 0.0, 0.0, 0.0, 0.0, 0.0, 0.0, 0.0, 0.0, 0.0, 0.0, 0.0, 0.0, 0.0, 0.0, 0.0, 0.0, 0.0, 0.0, 0.0, 0.0, 0.0, 0.0, 0.0, 0.0, 0.0, 0.0, 0.0, 0.0, 0.0]
C     1.5610902357148655     -3.021779023529228     0.665491512012419     -3.338221788406372     
N     1.1224173942990496     -1.6768692567064294     0.31224607743209215     4.262889385223389     
C     -0.292141947765875     -1.4168604122118766     0.25262800403678576     -10.765995025634766     
O     -1.0702400591228105     -2.044308381036096     1.0226074821104274     -22.56787872314453     
N     -0.8341634271208445     -0.49051836679382665     -0.7077021104192035     4.2628889083862305     
C     -0.2297002623520426     -0.4422550484068362     -2.0346751079879453     -3.338221788406372     
C     -1.99283501394614     0.32100931600723237     -0.41812058982059386     6.380731582641602     
C     -2.431115255062991     0.5048657392003099     0.9047844396932331     3.577810764312744     
C     -3.541731820594728     1.3062309305762874     1.1834077638091318     3.311221122741699     
C     -4.225570426979254     1.9383995924047446     0.14265783501523818     3.244441509246826     
C     -3.7977369507415024     1.7710073612866901     -1.1762163829495065     3.311221122741699     
C     -2.6870137440391813     0.9694688709716808     -1.4544083611527507     3.577810764312744     
C     2.102754882017813     -0.6350341052062431     0.12751689852319065     6.380731582641602     
C     3.4293488701810397     -0.9574804689474639     -0.20464811389844642     3.577810764312744     
C     4.385861827016741     0.048267431345960496     -0.3698683723889204     3.311220645904541     
C     4.027983909819572     1.3877409003293795     -0.19983246004832037     3.244441509246826     
C     2.714518517865313     1.721840204797155     0.13799161017707715     3.311221122741699     
C     1.7582732708150284     0.7162747159161277     0.3034643767670562     3.577810764312744     
