12
[-5.288926, -0.027622955, 4.0207324, 15.18815, 4.1448855, 0.5600261, -5.1171546, 3.5480404, 3.2190385, 3.0830512, 5.161522, 3.3833153, 0.0, 0.0, 0.0, 0.0, 0.0, 0.0, 0.0, 0.0, 0.0, 0.0, 0.0, 0.0, 0.0, 0.0, 0.0, 0.0, 0.0, 0.0, 0.0, 0.0, 0.0, 0.0, 0.0, 0.0, 0.0, 0.0, 0.0, 0.0, 0.0, 0.0, 0.0, 0.0, 0.0, 0.0, 0.0, 0.0, 0.0, 0.0, 0.0, 0.0, 0.0, 0.0, 0.0, 0.0, 0.0, 0.0, 0.0, 0.0, 0.0, 0.0, 0.0, 0.0, 0.0, 0.0, 0.0, 0.0, 0.0, 0.0, 0.0, 0.0, 0.0, 0.0, 0.0, 0.0, 0.0, 0.0, 0.0, 0.0, 0.0, 0.0, 0.0, 0.0, 0.0, 0.0, 0.0, 0.0, 0.0, 0.0, 0.0, 0.0, 0.0, 0.0, 0.0, 0.0, 0.0, 0.0, 0.0, 0.0]
C     3.8165274923697434     -0.30839187798352086     0.0855111816663987     -5.288926124572754     
C     2.3539440690390614     -0.047234446077433385     0.06574160519254994     -0.027622954919934273     
C     1.8710179785674936     1.2594462147072893     0.17013878915836483     4.020732402801514     
N     0.5315831915096664     1.4977715969615741     0.15195009689386688     15.188150405883789     
C     -0.37388131059054125     0.4862223153506026     0.0330715016975105     4.144885540008545     
C     -1.7545626603878672     0.7505485210458257     0.01600919853762974     0.5600261092185974     
C     -2.278517685603815     2.14184659692588     0.12685743692121204     -5.117154598236084     
C     -2.6619645776844636     -0.3071262393191865     -0.10711634604542966     3.5480403900146484     
C     -2.2045852797862864     -1.6242739477325605     -0.21321296917613666     3.219038486480713     
C     -0.8338795783473826     -1.8953280337203415     -0.19706289994092482     3.0830512046813965     
C     0.08172878560927059     -0.8478701884599577     -0.07462247867013154     5.161521911621094     
C     1.4525895753051634     -1.1056105116981667     -0.05726511623488273     3.383315324783325     
